1206
1326
1582
3100
3433
3584
3743
3915
3963
4009
4134
4522
4573
4696
8665
8878
8982
9089
9193
9356
9622
9712
9830
10209
10292
11227
11773
11858
11947
12260
12363
13871
13948
14216
14293
14561
14638
14906
14983
15338
15410
15741
15811
16597
16750
16819
18058
18869
19207
19286
19858
21763
21942
21998
25562
25741
26823
27940
32937
43556
43667
43721
43936
44990
46049
46111
46940
47065
47165
47259
47371
47423
47520
47690
47778
50402
50813
50856
53648
54075
54117
54292
54451
54496
54545
54598
56716
118397
125254
125618
125665
125762
125859
125956
130765
133644
134987
135714
136029
136389
142726
142881
149733
150959
151898
151938
155576
155617
160251
161257
162266
164949
164994
165351
165622
165662
172422
172467
172576
172891
173146
173662
181186
189406
190495
193560
196846
198949
199628
201679
201864
202866
204451
204535
205750
206182
207294
207567
207866
211631
214199
216274
217103
217297
217785
218088
218416
220855
223414
226930
226975
228570
229237
232909
233170
