11
57
110
159
215
290
339
386
427
480
533
606
652
716
765
826
885
936
989
1040
1085
1122
1171
57065
62401
62440
62468
62496
62537
62563
62628
62701
67183
67221
67255
67381
67426
67471
67514
67553
67592
67633
67674
67718
67760
67796
67840
67888
67937
67990
68041
68077
68126
68170
68219
68268
68322
68374
68419
68464
68509
68556
68601
68646
68691
68735
68786
68832
68877
68927
68980
69025
69070
69115
69160
69206
69244
69281
69332
69380
69439
69499
69552
72594
74440
74486
74547
75402
79206
79290
79366
79407
79451
84493
88893
108162
108251
108322
108430
108492
108961
109014
109051
109086
109415
109458
109754
110025
110072
110125
110174
110233
110279
110322
110576
110947
111072
111130
111200
111244
111340
111590
111636
111679
111749
111794
111882
111942
111989
112028
112084
112133
112178
112239
112278
112358
112410
112489
112727
112776
112841
112935
112990
113177
113617
113670
113750
113803
113848
113895
113996
114035
114155
114229
114329
114377
114526
115152
115241
115287
115367
115435
115465
115534
115582
115643
115685
115734
115774
116015
116072
116131
116192
116294
116341
116456
116497
116528
116589
116679
116722
116753
116784
116815
116856
116887
116922
116957
117470
117541
117590
117685
117732
117772
118038
118218
118279
118482
118754
118947
119053
119172
119232
119296
119363
119463
119495
119709
119779
119843
119878
120029
120143
120195
120465
120743
120963
121002
121054
121143
121194
121351
121492
121638
121738
121784
121944
122080
122141
122211
122308
122357
122396
122525
122564
122609
122924
123181
123392
123441
123537
123625
123768
123878
123913
124059
124116
124193
124245
124305
124464
124513
124600
124650
124689
124722
124783
124879
124975
125008
125043
125298
125451
125517
126053
129013
129463
130500
130579
130944
130993
131048
131109
132328
132469
132523
132628
132728
133562
134028
134076
134673
134987
135130
135424
135525
135595
135980
136159
136212
136267
136300
136481
136769
140784
141844
141930
141969
142014
143435
143480
143544
143814
143855
143898
148230
149300
149733
149815
149983
150218
150266
151053
151097
151297
151352
151419
151480
151553
151600
151653
151732
151786
151837
152114
152169
152338
152387
152545
153352
155025
155130
155218
155334
155391
155433
155529
160108
160145
160190
160353
162073
162118
162173
162221
162644
163758
163872
164150
164226
164784
164831
164882
164994
165532
165711
165748
165790
168634
168890
169174
169225
170945
172368
172507
172637
172682
172799
172840
172931
172968
173007
173048
173101
173186
173227
173511
173566
173613
177478
178982
179297
179496
179896
180152
180434
180504
180555
180686
180746
180799
180846
180888
181498
181824
182019
182192
182403
182674
182846
183597
183770
184228
184333
184395
184522
184799
184975
185148
185329
185524
185705
185883
186060
186233
186308
186490
186670
186860
187036
187350
187688
187764
187957
188406
188592
188779
188964
190097
190360
190407
190456
190495
190615
190883
191031
191143
191320
191425
191548
191671
191816
191946
192075
192246
192366
192493
192706
192893
192991
193075
193176
193609
193655
193780
193832
195710
195784
196058
196130
196203
196397
196460
196558
196639
196846
197039
197097
197151
197204
197247
197328
197379
197429
197479
197528
197625
197669
197726
197771
198183
198221
198260
199005
199170
199410
199628
201134
201237
201312
202004
203661
203698
203870
203908
203952
204084
204412
204494
204762
204815
204864
204917
204968
205365
205591
205634
205792
205867
205938
206053
206100
206182
206733
206772
206859
206904
207184
207251
207611
207711
207827
207935
208089
208297
208459
208697
209003
209050
209125
209170
209211
209269
209304
209407
209454
209595
209641
209939
209978
210013
210058
210098
210149
210207
210253
211695
211766
212659
212711
212758
212795
213163
213258
213653
213698
213744
213815
213858
213909
213994
214238
214347
214401
214658
214805
214858
214932
214979
215061
215098
215224
215330
215374
215417
215470
215588
215631
215683
215760
216100
216157
216367
216518
216564
216641
216778
216815
216888
216929
216978
217058
217103
217342
217400
217441
217722
217785
217891
217987
218032
218129
218468
218529
218578
218667
218708
218760
218803
218848
219136
219230
219281
219415
219470
219574
219647
219704
219804
219849
220205
220243
220536
220573
220669
220714
220763
220816
220898
220957
221026
221103
221160
221206
221243
221305
221352
221397
221678
222113
222154
222205
222470
222744
222789
223112
223212
223253
223299
223375
225979
226063
226108
226169
226229
226529
226604
226650
226698
226756
226816
226879
227043
227080
227225
227455
227494
227533
227581
227618
227892
228090
228139
228250
228305
228380
228494
228531
228570
228649
228800
228842
228879
228916
228954
229001
229107
229150
229200
229320
231657
231714
231757
231794
231832
231869
231910
231953
232099
232138
233039
233094
233133
