1248
1285
1655
1703
1755
1806
1853
1904
1952
2004
2057
2114
2158
2206
2262
2322
2370
2422
2471
2524
2572
2624
2672
2724
2771
2822
2866
2914
2961
3012
3054
3145
3195
3246
3317
3378
3478
3529
3633
3689
3797
3859
4187
4256
4319
4394
4469
4627
4752
4823
4894
4958
5022
5083
5143
5203
5286
5362
5434
5505
5577
5662
5747
5832
5909
5986
6063
6140
6217
6287
6357
6427
6497
6565
6633
6701
6768
6835
6898
6961
7024
7087
7153
7219
7285
7351
7417
7483
7552
7621
7686
7751
7816
7881
7946
8009
8075
8141
8207
8273
8339
8405
8465
8525
8595
8717
8794
8930
9268
9440
9531
9952
10084
10381
10494
10599
10710
10807
10911
11017
11132
11314
11430
11520
11606
11686
12044
12152
12470
12588
12701
12821
12939
13052
13165
13267
13367
13466
13564
13670
13768
14034
14127
14379
14472
14724
14817
15070
15164
15253
15491
15579
15662
15890
15976
16057
16136
16215
16297
16375
16451
16529
16667
16896
16984
17076
17166
17252
17356
17444
17517
17592
17673
17748
17824
17903
17979
18127
18216
18307
18404
18495
18587
18682
18774
18947
19036
19127
19364
19444
19546
19657
19761
19934
20012
20105
20199
20298
20397
20498
20599
20709
20819
20917
21013
21111
21210
21313
21409
21507
21606
21655
21705
21814
21882
22057
22118
22192
22264
22336
22403
22468
22533
22594
22658
22722
22783
22846
22908
22971
23031
23106
23179
23259
23319
23379
23454
23529
23611
23693
23762
23830
23889
23948
24007
24066
24125
24192
24259
24322
24385
24448
24514
24591
24662
24733
24801
24874
24947
25026
25098
25168
25236
25303
25367
25435
25507
25615
25676
25803
25871
25935
25995
26062
26125
26181
26242
26309
26368
26435
26497
26557
26620
26694
26768
27099
27156
27212
27269
27326
27380
27447
27497
27560
27619
27685
27753
27818
27882
28043
28126
28228
28304
28376
28449
28523
28589
28661
28726
28790
28854
28928
28981
29041
29096
29155
29215
29273
29334
29392
29454
29513
29581
29644
29700
29762
29829
29887
29945
30002
30061
30112
30175
30248
30318
30383
30457
30526
30604
30676
30742
30803
30883
30955
31022
31097
31167
31237
31302
31372
31437
31508
31574
31644
31709
31779
31844
31913
31987
32056
32120
32183
32242
32308
32371
32439
32503
32567
32636
32705
32755
32815
32878
33001
33073
33142
33218
33294
33361
33424
33494
33557
33619
33679
33745
33815
33887
33961
34032
34100
34165
34236
34299
34374
34442
34505
34589
34657
34713
34765
34823
34883
34942
35003
35067
35130
35193
35259
35317
35375
35437
35494
35553
35617
35670
35730
35800
35867
35921
35970
36039
36098
36165
36228
36288
36353
36410
36482
36542
36598
36656
36710
36780
36838
36894
36951
37019
37083
37144
37218
37284
37348
37415
37478
37550
37618
37682
37738
37798
37859
37918
37975
38035
38093
38156
38220
38291
38352
38410
38468
38531
38586
38642
38697
38772
38832
38892
38952
39018
39076
39136
39186
39236
39289
39344
39408
39474
39539
39593
39654
39711
39766
39828
39888
39946
40001
40074
40147
40221
40296
40369
40444
40520
40594
40669
40743
40826
40901
40978
41037
41098
41162
41229
41294
41351
41414
41478
41536
41604
41674
41729
41787
41843
41903
41963
42030
42085
42140
42194
42250
42321
42391
42445
42498
42552
42611
42671
42725
42792
42844
42900
42957
43025
43102
43165
43232
43304
43367
43430
43494
43609
43770
43809
43848
43886
43975
44031
44091
44132
44178
44230
44268
44310
44359
44412
44466
44524
44578
44636
44690
44748
44801
44858
44901
44948
45043
45088
45133
45187
45244
45298
45352
45406
45460
45517
45574
45628
45685
45739
45796
45853
45903
45951
45999
46155
46195
46239
46283
46331
46373
46419
46467
46505
46547
46587
46631
46673
46719
46760
46805
46852
46894
46976
47019
47110
47205
47308
47463
47560
47602
47647
47731
47823
47874
47928
47983
48050
48114
48180
48246
48316
48378
48460
48523
48584
48648
48709
48773
48839
48907
48972
49034
49098
49172
49229
49292
49351
49416
49484
49546
49608
49674
49732
49810
49869
49926
49997
50045
50099
50165
50233
50286
50339
50451
50513
50571
50630
50693
50757
50905
50965
51019
51089
51166
51239
51319
51378
51436
51509
51572
51631
51694
51765
51841
51898
51959
52022
52102
52166
52222
52277
52339
52400
52457
52516
52576
52640
52701
52754
52810
52872
52933
52996
53035
53079
53127
53172
53215
53259
53298
53346
53390
53432
53478
53522
53564
53607
53692
53753
53811
53862
53912
53956
53997
54036
54166
54229
54333
54391
54658
54737
54804
54882
54955
55025
55096
55161
55237
55313
55379
55464
55538
55609
55678
55748
55840
55911
55979
56059
56127
56201
56277
56350
56407
56464
56514
56565
56612
56667
56767
56825
56876
56925
56973
57020
57998
58102
58206
58309
58412
58515
58618
58721
58825
58928
59031
59134
59237
59340
59443
59547
59723
59827
59929
60032
60135
60238
60341
60444
60547
60651
60755
60858
60961
61063
61166
61268
61370
61473
61577
61681
61782
61885
61988
62091
62195
62298
62756
62859
62961
63063
63166
63269
63372
63475
63577
63679
63782
63886
63990
64092
64196
64299
64401
64505
64608
64711
64814
64918
65021
65123
65227
65330
65432
65535
65637
65739
65843
65945
66048
66152
66255
66359
66461
66564
66667
66771
66874
66977
67080
67279
69606
69709
69813
69915
70018
70121
70224
70327
70430
70533
70635
70737
70840
70943
71046
71148
71251
71354
71457
71560
71664
71768
71871
71975
72078
72180
72284
72388
72490
72645
72748
72850
72953
73055
73158
73261
73409
73512
73615
73716
73819
73923
74026
74130
74233
74336
75197
75300
75443
75547
75651
75754
75857
75960
76063
76174
76277
76381
76484
76587
76690
76793
76897
77000
77104
77207
77246
77350
77452
77554
77657
77761
77865
77969
78072
78175
78278
78381
78484
78588
78691
78795
78897
79000
79103
79241
79543
79646
79749
79852
79953
80056
80160
80263
80366
80468
80571
80674
80778
80880
80983
81087
81189
81291
81394
81498
81602
81705
81808
81910
82013
82117
82221
82324
82427
82531
82634
82737
82841
82944
83047
83149
83252
83355
83458
83561
83665
83768
83872
83975
84079
84182
84286
84390
84562
84665
84769
84872
84976
85080
85183
85287
85390
85493
85597
85700
85803
85906
86009
86112
86216
86319
86422
86525
86627
86731
86834
86937
87040
87142
87244
87346
87450
87553
87656
87759
87863
87966
88068
88172
88275
88378
88482
88585
88687
88790
89155
89258
89361
89463
89566
89668
89770
89873
89976
90078
90181
90285
90389
90493
90596
90699
90802
90905
91009
91112
91216
91319
91423
91526
91628
91730
91833
91936
92039
92142
92246
92349
92452
92555
92658
92761
92864
92967
93070
93174
93278
93381
93485
93587
93690
93793
93896
93998
94101
94204
94308
94411
94515
94618
94722
94825
94928
95032
95135
95238
95341
95444
95547
95650
95753
95856
95959
96061
96165
96268
96370
96474
96577
96679
96782
96885
96989
97092
97195
97298
97401
97504
97608
97711
97814
97917
98020
98131
98234
98337
98439
98542
98645
98748
98851
98953
99057
99231
99335
99438
99541
99645
99748
99852
99955
100058
100161
100264
100367
100470
100573
101031
101134
101236
101339
101442
101546
101650
101754
101857
101960
102064
102167
102269
102373
102477
102580
102684
102785
102889
102993
103096
103200
103303
103406
103509
103612
103715
103819
103922
104026
104129
104233
104334
104438
104542
104645
104748
104851
104954
105058
105162
105265
105368
105471
105574
105678
105782
105886
105989
106100
106203
106306
106409
106513
106617
106720
106824
106927
107030
107133
107236
107339
107442
107544
107647
107749
107853
107955
108059
108529
108576
108630
108672
108713
108770
108834
108894
109319
109369
110363
110414
110474
110524
111419
111469
111527
112582
112626
112679
112890
113047
113111
113948
114109
114189
114473
115812
115863
115914
115955
118084
118123
118172
118314
118579
118623
118665
118708
119563
119601
119653
120783
120839
120906
121100
121401
121443
121590
121694
121976
122030
122262
122478
123486
123673
123718
123830
124351
124418
125113
125156
125211
125572
125714
125811
125908
126005
126437
126540
126644
126747
126850
126953
127056
127158
127261
127364
127467
127570
127673
127776
127879
127982
128084
128188
128291
128393
128496
128599
128702
128806
128909
129066
129109
129211
129315
129361
129506
129608
129711
129815
129862
129921
129977
130035
130093
130155
130209
130283
130338
130391
130447
130663
130807
130852
130898
131403
131506
131609
131713
131816
131919
132021
132123
132225
132363
132415
132585
133415
133471
133510
133596
133644
133721
133776
133833
133878
133922
133976
134382
134441
134500
134559
134616
134731
134783
134835
134887
134937
135479
135714
135796
135846
135886
135927
136073
136114
136342
136816
136919
137020
137123
137226
137329
137431
137535
137639
137740
137843
137946
138049
138153
138256
138360
138462
138565
138669
138772
138875
138977
139081
139185
139288
139391
139494
139597
139699
139802
139905
140014
140117
140220
140323
140433
140537
140579
140682
140837
140940
141044
141147
141250
141354
141457
141637
141740
141881
142062
142108
142212
142315
142418
142521
142623
142837
142924
142980
143038
143098
143155
143209
143265
143331
143380
143937
144040
144142
144246
144349
144453
144556
144658
144761
144865
144968
145072
145175
145279
145382
145485
145596
145700
145803
145906
146009
146110
146213
146317
146420
146523
146642
146745
146849
146951
147053
147156
147258
147361
147465
147568
147671
147774
147877
147980
148083
148186
148272
148318
148368
148471
148575
148679
148782
148885
148993
149096
149198
149582
149685
149876
149937
150025
150074
150121
150171
150552
150603
150651
150708
150760
150805
150856
150912
150998
151138
151185
151245
151980
152026
152074
152230
152281
152436
152485
152592
152641
152690
152739
152791
152853
152912
152966
153020
153074
153132
153182
153252
153303
153403
153466
153524
153591
153652
153707
153757
153826
153887
153943
154008
154072
154131
154190
154244
154303
154357
154417
154472
154531
154585
154644
154698
154756
154819
154877
154930
154974
155078
155175
155287
155482
155660
155763
155866
155969
156072
156176
156279
156383
156487
156598
156701
156805
156909
157012
157115
157218
157321
157423
157525
157628
157731
157835
157938
158041
158144
158247
158351
158459
158563
158666
158768
158870
158973
159077
159180
159282
159385
159489
159592
159696
159799
159902
160005
160305
160404
160450
160554
160607
160661
160764
160867
160969
161072
161109
161151
161206
161309
161411
161514
161622
161726
161829
161931
161979
162023
162313
162365
162422
162475
162528
162586
162729
162780
162821
162862
162912
162965
163015
163065
163115
163165
163218
163271
163321
163374
163424
163477
163530
163578
163624
163668
163712
163809
164270
164374
164475
164578
164681
165068
165126
165165
165212
165255
165305
165396
165436
165483
165577
165841
165943
166047
166151
166255
166357
166461
166563
166667
166769
166873
166977
167081
167183
167286
167388
167492
167596
167700
167802
167905
168014
168117
168220
168324
168427
168531
168683
168786
169296
169399
169503
169606
169709
169812
169915
170018
170120
170223
170326
170429
170532
170636
170738
170841
170985
171034
171086
171134
171182
171230
171277
171325
171382
171430
171478
171528
171584
171634
171685
171739
171790
171844
171900
171958
172022
172080
172139
172201
172260
172322
173704
173807
173916
174019
174122
174225
174328
174431
174534
174643
174747
174850
174954
175056
175160
175264
175367
175469
175573
175676
175779
175881
175984
176087
176190
176294
176397
176501
176604
176707
176811
176914
177017
177120
177223
177327
177375
177746
177849
177951
178053
178156
178260
178364
178466
178570
178673
178776
178880
179348
179394
179592
179690
179793
179935
179988
180053
180109
180633
180927
180979
181024
181083
181135
181449
181689
181760
182791
183062
183121
183182
183245
183305
183362
183416
183545
183710
184035
184096
184164
187241
187298
187615
188088
188223
188719
189173
189224
189269
189310
189357
189452
189500
189550
189603
189655
189707
189762
189809
189856
189907
189953
190001
190054
190154
190196
190245
190304
190571
190950
190993
193448
193488
193522
194108
194147
194193
194233
194277
194321
194365
194413
194461
194514
194556
194602
194650
194688
194730
194770
194814
194857
194900
194944
194983
195039
195083
195127
195177
195219
195265
195306
195351
195397
195449
195496
195538
195580
195626
195669
196253
196298
196356
196703
196745
196788
196989
197577
198295
198351
198396
198456
198514
198579
198627
198679
198728
198782
198828
198889
199569
199715
199764
199806
199851
199896
199956
200016
200083
200150
200193
200245
200290
200337
200380
200439
200486
200531
200577
200634
200687
200737
200800
200855
200908
200964
201016
201077
201385
201438
201492
201541
201586
201630
201723
201766
201816
201905
201951
202103
202152
202199
202251
202304
202364
202414
202461
202508
202653
202697
202738
202783
202827
202908
202972
203023
203072
203121
203170
203214
203258
203302
203346
203383
203424
203479
203526
203575
203622
203745
203787
203826
204040
204125
204173
204218
204266
204309
204359
204707
205256
205311
205411
205454
205504
205546
205700
205827
205995
206307
206412
206471
206532
206593
206663
206815
207660
208903
208945
209347
210286
210342
210400
210459
210508
210555
210599
210661
210723
210804
210866
210929
210993
211055
211110
211174
211239
211302
211366
211429
211501
211565
211839
211883
211927
211972
212020
212071
212121
212173
212226
212271
212322
212366
212419
212462
212505
212561
212614
213069
213118
213307
213356
213409
213462
213511
213554
213605
213948
214041
214095
214147
214465
214513
214560
214606
215139
215185
215267
215519
216050
216212
216316
216684
216732
217192
217244
217485
217538
217586
217631
217679
217940
218214
218271
218330
218371
218623
219183
219370
219519
219758
219903
219948
219997
220047
220101
220151
220333
220378
220427
220613
221059
221444
221493
221541
221591
221634
222278
222328
222382
222424
222836
222879
222924
222973
223026
223067
223167
223453
223496
223569
223642
223715
223780
223845
223910
223975
224040
224098
224156
224214
224272
224323
224379
224435
224491
224546
224601
224652
224703
224754
224805
224859
224913
224967
225021
225075
225129
225186
225243
225296
225349
225402
225455
225508
225559
225613
225667
225721
225775
225829
225883
225926
226274
226330
226388
226447
226486
228190
228435
228697
228745
229044
229277
229402
229450
229498
229546
229594
229642
229684
229735
229778
229824
229872
229921
229983
230039
230095
230148
230191
230247
230288
230346
230404
230462
230520
230565
230604
230668
230725
230780
230833
230885
230934
230987
231044
231090
231146
231203
231269
231321
231377
231430
231492
231553
231605
231995
232048
232177
232218
232263
232303
232347
232384
232425
232465
232509
232567
232625
232682
232739
232788
232835
232870
232949
232989
