77207
79241
108529
108576
108630
108672
108713
108770
108834
108894
109319
109369
110363
110414
110474
110524
111419
111469
111527
112582
112626
112679
112890
113047
113111
113948
114109
114189
114473
115812
115863
115914
115955
118084
118123
118172
118314
118397
118579
118623
118665
118708
119563
119601
119653
120783
120839
120906
121100
121401
121443
121590
121694
121976
122030
122262
122478
123486
123673
123718
123830
124351
124418
125113
125156
125211
125254
125572
125618
125665
125714
125762
125811
125859
125908
125956
126005
129066
129315
129815
129862
129921
129977
130035
130093
130155
130209
130283
130338
130391
130447
130765
130807
130852
130898
132363
132415
132585
133415
133471
133510
133596
133644
133644
133721
133776
133833
133878
133922
133976
134382
134441
134500
134559
134616
134731
134783
134835
134887
134937
134987
135479
135714
135714
135796
135846
135886
135927
136029
136073
136114
136342
136389
140537
141881
142062
142726
142837
142881
142924
142980
143038
143098
143155
143209
143265
143331
143380
148186
148272
148318
149685
149733
149876
149937
150025
150074
150121
150171
150552
150603
150651
150708
150760
150805
150856
150912
150959
150998
151138
151185
151245
151898
151938
151980
152026
152074
152230
152281
152436
152485
152592
152641
152690
152739
152791
152853
152912
152966
153020
153074
153132
153182
153252
153303
153403
153466
153524
153591
153652
153707
153757
153826
153887
153943
154008
154072
154131
154190
154244
154303
154357
154417
154472
154531
154585
154644
154698
154756
154819
154877
154930
154974
155078
155175
155287
155482
155576
155617
160251
160305
160404
160554
160607
161072
161109
161151
161206
161257
161931
161979
162023
162266
162313
162365
162422
162475
162528
162586
162729
162780
162821
162862
162912
162965
163015
163065
163115
163165
163218
163271
163321
163374
163424
163477
163530
163578
163624
163668
163712
163809
164949
164994
165068
165126
165165
165212
165255
165305
165351
165396
165436
165483
165577
165622
165662
170985
171034
171086
171134
171182
171230
171277
171325
171382
171430
171478
171528
171584
171634
171685
171739
171790
171844
171900
171958
172022
172080
172139
172201
172260
172322
172422
172467
172576
172891
173146
173662
177327
179348
179592
179935
179988
180053
180109
180633
180927
180979
181024
181083
181135
181186
181449
181689
181760
182791
183062
183121
183182
183245
183305
183362
183416
183545
183710
184035
184096
184164
187241
187298
187615
188088
188223
188719
189173
189224
189269
189310
189357
189406
189452
189500
189550
189603
189655
189707
189762
189809
189856
189907
189953
190001
190054
190154
190196
190245
190304
190495
190571
190950
190993
193448
193488
193522
193560
194108
194147
194193
194233
194277
194321
194365
194413
194461
194514
194556
194602
194650
194688
194730
194770
194814
194857
194900
194944
194983
195039
195083
195127
195177
195219
195265
195306
195351
195397
195449
195496
195538
195580
195626
195669
196253
196298
196356
196703
196745
196788
196846
196989
197577
198295
198351
198396
198456
198514
198579
198627
198679
198728
198782
198828
198889
198949
199569
199628
199715
199764
199806
199851
199896
199956
200016
200083
200150
200193
200245
200290
200337
200380
200439
200486
200531
200577
200634
200687
200737
200800
200855
200908
200964
201016
201077
201385
201438
201492
201541
201586
201630
201679
201723
201766
201816
201864
201905
201951
202103
202152
202199
202251
202304
202364
202414
202461
202508
202653
202697
202738
202783
202827
202866
202908
202972
203023
203072
203121
203170
203214
203258
203302
203346
203383
203424
203479
203526
203575
203622
203745
203787
203826
204040
204125
204173
204218
204266
204309
204359
204451
204535
204707
205256
205311
205411
205454
205504
205546
205700
205750
205827
205995
206182
206307
206412
206471
206532
206593
206663
206815
207294
207567
207660
207866
208903
208945
209347
210286
210342
210400
210459
210508
210555
210599
210661
210723
210804
210866
210929
210993
211055
211110
211174
211239
211302
211366
211429
211501
211565
211631
211839
211883
211927
211972
212020
212071
212121
212173
212226
212271
212322
212366
212419
212462
212505
212561
212614
213069
213118
213307
213356
213409
213462
213511
213554
213605
213948
214041
214095
214147
214199
214465
214513
214560
214606
215139
215185
215267
215519
216050
216212
216274
216316
216684
216732
217103
217192
217244
217297
217485
217538
217586
217631
217679
217785
217940
218088
218214
218271
218330
218371
218416
218623
219183
219370
219519
219758
219903
219948
219997
220047
220101
220151
220333
220378
220427
220613
220855
221059
221444
221493
221541
221591
221634
222278
222328
222382
222424
222836
222879
222924
222973
223026
223067
223167
223414
223453
223496
223569
223642
223715
223780
223845
223910
223975
224040
224098
224156
224214
224272
224323
224379
224435
224491
224546
224601
224652
224703
224754
224805
224859
224913
224967
225021
225075
225129
225186
225243
225296
225349
225402
225455
225508
225559
225613
225667
225721
225775
225829
225883
225926
226274
226330
226388
226447
226486
226930
226975
228190
228435
228570
228697
228745
229044
229237
229277
229402
229450
229498
229546
229594
229642
229684
229735
229778
229824
229872
229921
229983
230039
230095
230148
230191
230247
230288
230346
230404
230462
230520
230565
230604
230668
230725
230780
230833
230885
230934
230987
231044
231090
231146
231203
231269
231321
231377
231430
231492
231553
231605
231995
232048
232177
232218
232263
232303
232347
232384
232425
232465
232509
232567
232625
232682
232739
232788
232835
232870
232909
232949
232989
233170
