1206
1248
1285
1326
1582
1655
1703
1755
1806
1853
1904
1952
2004
2057
2114
2158
2206
2262
2322
2370
2422
2471
2524
2572
2624
2672
2724
2771
2822
2866
2914
2961
3012
3054
3100
3145
3195
3246
3317
3378
3433
3478
3529
3584
3633
3689
3743
3797
3859
3915
3963
4009
4134
4187
4256
4319
4394
4469
4522
4573
4627
4696
4752
4823
4894
4958
5022
5083
5143
5203
5286
5362
5434
5505
5577
5662
5747
5832
5909
5986
6063
6140
6217
6287
6357
6427
6497
6565
6633
6701
6768
6835
6898
6961
7024
7087
7153
7219
7285
7351
7417
7483
7552
7621
7686
7751
7816
7881
7946
8009
8075
8141
8207
8273
8339
8405
8465
8525
8595
8665
8717
8794
8878
8930
8982
9089
9193
9268
9356
9440
9531
9622
9712
9830
9952
10084
10209
10292
10381
10494
10599
10710
10807
10911
11017
11132
11227
11314
11430
11520
11606
11686
11773
11858
11947
12044
12152
12260
12363
12470
12588
12701
12821
12939
13052
13165
13267
13367
13466
13564
13670
13768
13871
13948
14034
14127
14216
14293
14379
14472
14561
14638
14724
14817
14906
14983
15070
15164
15253
15338
15410
15491
15579
15662
15741
15811
15890
15976
16057
16136
16215
16297
16375
16451
16529
16597
16667
16750
16819
16896
16984
17076
17166
17252
17356
17444
17517
17592
17673
17748
17824
17903
17979
18058
18127
18216
18307
18404
18495
18587
18682
18774
18869
18947
19036
19127
19207
19286
19364
19444
19546
19657
19761
19858
19934
20012
20105
20199
20298
20397
20498
20599
20709
20819
20917
21013
21111
21210
21313
21409
21507
21606
21655
21705
21763
21814
21882
21942
21998
22057
22118
22192
22264
22336
22403
22468
22533
22594
22658
22722
22783
22846
22908
22971
23031
23106
23179
23259
23319
23379
23454
23529
23611
23693
23762
23830
23889
23948
24007
24066
24125
24192
24259
24322
24385
24448
24514
24591
24662
24733
24801
24874
24947
25026
25098
25168
25236
25303
25367
25435
25507
25562
25615
25676
25741
25803
25871
25935
25995
26062
26125
26181
26242
26309
26368
26435
26497
26557
26620
26694
26768
26823
27099
27156
27212
27269
27326
27380
27447
27497
27560
27619
27685
27753
27818
27882
27940
28043
28126
28228
28304
28376
28449
28523
28589
28661
28726
28790
28854
28928
28981
29041
29096
29155
29215
29273
29334
29392
29454
29513
29581
29644
29700
29762
29829
29887
29945
30002
30061
30112
30175
30248
30318
30383
30457
30526
30604
30676
30742
30803
30883
30955
31022
31097
31167
31237
31302
31372
31437
31508
31574
31644
31709
31779
31844
31913
31987
32056
32120
32183
32242
32308
32371
32439
32503
32567
32636
32705
32755
32815
32878
32937
33001
33073
33142
33218
33294
33361
33424
33494
33557
33619
33679
33745
33815
33887
33961
34032
34100
34165
34236
34299
34374
34442
34505
34589
34657
34713
34765
34823
34883
34942
35003
35067
35130
35193
35259
35317
35375
35437
35494
35553
35617
35670
35730
35800
35867
35921
35970
36039
36098
36165
36228
36288
36353
36410
36482
36542
36598
36656
36710
36780
36838
36894
36951
37019
37083
37144
37218
37284
37348
37415
37478
37550
37618
37682
37738
37798
37859
37918
37975
38035
38093
38156
38220
38291
38352
38410
38468
38531
38586
38642
38697
38772
38832
38892
38952
39018
39076
39136
39186
39236
39289
39344
39408
39474
39539
39593
39654
39711
39766
39828
39888
39946
40001
40074
40147
40221
40296
40369
40444
40520
40594
40669
40743
40826
40901
40978
41037
41098
41162
41229
41294
41351
41414
41478
41536
41604
41674
41729
41787
41843
41903
41963
42030
42085
42140
42194
42250
42321
42391
42445
42498
42552
42611
42671
42725
42792
42844
42900
42957
43025
43102
43165
43232
43304
43367
43430
43494
43556
43609
43667
43721
43770
43809
43848
43886
43936
43975
44031
44091
44132
44178
44230
44268
44310
44359
44412
44466
44524
44578
44636
44690
44748
44801
44858
44901
44948
44990
45043
45088
45133
45187
45244
45298
45352
45406
45460
45517
45574
45628
45685
45739
45796
45853
45903
45951
45999
46049
46111
46155
46195
46239
46283
46331
46373
46419
46467
46505
46547
46587
46631
46673
46719
46760
46805
46852
46894
46940
46976
47019
47065
47110
47165
47205
47259
47308
47371
47423
47463
47520
47560
47602
47647
47690
47731
47778
47823
47874
47928
47983
48050
48114
48180
48246
48316
48378
48460
48523
48584
48648
48709
48773
48839
48907
48972
49034
49098
49172
49229
49292
49351
49416
49484
49546
49608
49674
49732
49810
49869
49926
49997
50045
50099
50165
50233
50286
50339
50402
50451
50513
50571
50630
50693
50757
50813
50856
50905
50965
51019
51089
51166
51239
51319
51378
51436
51509
51572
51631
51694
51765
51841
51898
51959
52022
52102
52166
52222
52277
52339
52400
52457
52516
52576
52640
52701
52754
52810
52872
52933
52996
53035
53079
53127
53172
53215
53259
53298
53346
53390
53432
53478
53522
53564
53607
53648
53692
53753
53811
53862
53912
53956
53997
54036
54075
54117
54166
54229
54292
54333
54391
54451
54496
54545
54598
54658
54737
54804
54882
54955
55025
55096
55161
55237
55313
55379
55464
55538
55609
55678
55748
55840
55911
55979
56059
56127
56201
56277
56350
56407
56464
56514
56565
56612
56667
56716
56767
56825
56876
56925
56973
57020
