179496
179632
181498
181615
181824
181946
182019
182124
182192
182403
182525
182602
182674
182846
182987
183476
183597
183770
183893
183966
184395
184522
184651
184727
184799
184906
184975
185080
185148
185260
185329
185452
185524
185637
185705
185813
185883
185991
186060
186165
186308
186421
186490
186604
186670
186791
186860
186967
187036
187165
187350
187542
187764
187882
187957
188145
188282
188341
188406
188520
188592
189104
199005
199112
199170
199290
199410
199513
202004
202560
206182
206353
207935
208034
208089
208194
208297
208401
208595
208643
208697
208801
214658
214753
220243
220476
