57998
58102
58206
58309
58412
58515
58618
58721
58825
58928
59031
59134
59237
59340
59443
59547
59651
59723
59827
59929
60032
60135
60238
60341
60444
60547
60651
60755
60858
60961
61063
61166
61268
61370
61473
61577
61681
61782
61885
61988
62091
62195
62298
62756
62859
62961
63063
63166
63269
63372
63475
63577
63679
63782
63886
63990
64092
64196
64299
64401
64505
64608
64711
64814
64918
65021
65123
65227
65330
65432
65535
65637
65739
65843
65945
66048
66152
66255
66359
66461
66564
66667
66771
66874
66977
67080
67279
69606
69709
69813
69915
70018
70121
70224
70327
70430
70533
70635
70737
70840
70943
71046
71148
71251
71354
71457
71560
71664
71768
71871
71975
72078
72180
72284
72388
72490
72645
72748
72850
72953
73055
73158
73261
73261
73409
73512
73615
73716
73819
73923
74026
74130
74233
74336
75197
75300
75443
75547
75651
75754
75857
75960
76063
76174
76277
76381
76484
76587
76690
76793
76897
77000
77104
77246
77350
77452
77554
77657
77761
77865
77969
78072
78175
78278
78381
78484
78588
78691
78795
78897
79000
79103
79543
79646
79749
79852
79953
80056
80160
80263
80366
80468
80571
80674
80778
80880
80983
81087
81189
81291
81394
81498
81602
81705
81808
81910
82013
82117
82221
82324
82427
82531
82634
82737
82841
82944
83047
83149
83252
83355
83458
83561
83665
83768
83872
83975
84079
84182
84286
84390
84562
84665
84769
84872
84976
85080
85183
85287
85390
85493
85597
85700
85803
85906
86009
86112
86216
86319
86422
86525
86627
86731
86834
86937
87040
87142
87244
87346
87450
87553
87656
87759
87863
87966
88068
88172
88275
88378
88482
88585
88687
88790
89155
89258
89361
89463
89566
89668
89770
89873
89976
90078
90181
90285
90389
90493
90596
90699
90802
90905
91009
91112
91216
91319
91423
91526
91628
91730
91833
91936
92039
92142
92246
92349
92452
92555
92658
92761
92864
92967
93070
93174
93278
93381
93485
93587
93690
93793
93896
93998
94101
94204
94308
94411
94515
94618
94722
94825
94928
95032
95135
95238
95341
95444
95547
95650
95753
95856
95959
96061
96165
96268
96370
96474
96577
96679
96782
96885
96989
97092
97195
97298
97401
97504
97608
97711
97814
97917
98020
98131
98234
98337
98439
98542
98645
98748
98851
98953
99057
99160
99231
99335
99438
99541
99645
99748
99852
99955
100058
100161
100264
100367
100470
100573
100677
101031
101134
101236
101339
101442
101546
101650
101754
101857
101960
102064
102167
102269
102373
102477
102580
102684
102785
102889
102993
103096
103200
103303
103406
103509
103612
103715
103819
103922
104026
104129
104233
104334
104438
104542
104645
104748
104851
104954
105058
105162
105265
105368
105471
105574
105678
105782
105886
105989
106100
106203
106306
106409
106513
106617
106720
106824
106927
107030
107133
107236
107339
107442
107544
107647
107749
107853
107955
108059
126437
126540
126644
126747
126850
126953
127056
127158
127261
127364
127467
127570
127673
127776
127879
127982
128084
128188
128291
128393
128496
128599
128702
128806
128909
129109
129211
129361
129506
129608
129711
130663
131403
131506
131609
131713
131816
131919
132021
132123
132225
136816
136919
137020
137123
137226
137329
137431
137535
137639
137740
137843
137946
138049
138153
138256
138360
138462
138565
138669
138772
138875
138977
139081
139185
139288
139391
139494
139597
139699
139802
139905
140014
140117
140220
140323
140433
140579
140682
140837
140940
141044
141147
141250
141354
141457
141560
141637
141740
142108
142212
142315
142418
142521
142623
143937
144040
144142
144246
144349
144453
144556
144658
144761
144865
144968
145072
145175
145279
145382
145485
145596
145700
145803
145906
146009
146110
146213
146317
146420
146523
146642
146745
146849
146951
147053
147156
147258
147361
147465
147568
147671
147774
147877
147980
148083
148368
148471
148575
148679
148782
148885
148993
149096
149198
149582
155660
155763
155866
155969
156072
156176
156279
156383
156487
156598
156701
156805
156909
157012
157115
157218
157321
157423
157525
157628
157731
157835
157938
158041
158144
158247
158351
158459
158563
158666
158768
158870
158973
159077
159180
159282
159385
159489
159592
159696
159799
159902
160005
160450
160661
160764
160867
160969
161309
161411
161514
161622
161726
161829
164270
164374
164475
164578
164681
165841
165943
166047
166151
166255
166357
166461
166563
166667
166769
166873
166977
167081
167183
167286
167388
167492
167596
167700
167802
167905
168014
168117
168220
168324
168427
168531
168683
168786
169296
169399
169503
169606
169709
169812
169915
170018
170120
170223
170326
170429
170532
170636
170738
170841
173704
173807
173916
174019
174122
174225
174328
174431
174534
174643
174747
174850
174954
175056
175160
175264
175367
175469
175573
175676
175779
175881
175984
176087
176190
176294
176397
176501
176604
176707
176811
176914
177017
177120
177223
177375
177746
177849
177951
178053
178156
178260
178364
178466
178570
178673
178776
178880
179394
179690
179793
