57065
62440
62468
62537
62563
62628
67183
67221
67255
67381
67426
67471
67514
67553
67592
67633
67674
67718
67760
67796
67840
67888
67937
67990
68041
68077
68126
68170
68219
68268
68322
68374
68419
68464
68509
68556
68601
68646
68691
68735
68786
68832
68877
68927
68980
69025
69070
69115
69160
69206
69244
69281
69332
69380
69439
69499
69552
74486
74547
79407
79451
84493
179496
181498
181824
182019
182192
182403
182674
182846
183597
183770
184228
184333
184395
184522
184799
184975
185148
185329
185524
185705
185883
186060
186233
186308
186490
186670
186860
187036
187350
187688
187764
187957
188406
188592
188779
188964
199005
199170
199410
202004
206182
207935
208089
208297
208459
208697
214658
220243
